MY_ACCOUNT_ID = 0.0.4422654
MY_PRIVATE_KEY = 302e020100300506032b657004220420c0f56f2ee080127540a25036f5799ee4619471bf738a6d68007f5b7b752e0eab
SECOND_PRIVATE_KEY = 3030020100300706052b8104000a04220420e5679a1cd15988be96b62d7273462208915826b483aac290a07d3c03c2e2c33f
SECOND_ACCOUNT_ID = 0.0.4422772